29
1 5 50 30 78 30 78 25 64 18 50 22
2 6 77 35 83 35 83 23 36 23 50 30 77 30
3 4 64 26 64 18 50 18 50 30
4 5 71 23 68 30 50 30 50 22 64 15
5 6 64 30 78 23 78 17 61 17 50 23 50 30
6 4 61 44 50 44 50 30 61 36
7 6 50 30 50 22 67 22 71 27 63 34 57 30
8 6 60 38 50 38 50 30 68 30 74 34 68 43
9 5 50 30 50 15 68 15 68 25 60 30
10 5 58 49 44 49 44 39 50 30 58 40
11 7 42 37 50 47 50 56 60 56 60 37 50 37 50 30
12 5 50 30 59 33 60 39 54 41 50 36
13 5 54 39 54 34 50 30 44 32 44 39
14 4 68 30 68 37 47 37 50 30
15 5 57 38 79 38 79 31 65 31 50 30
16 7 50 30 59 33 60 39 64 43 79 41 79 29 65 29
17 5 43 14 50 18 50 30 35 28 35 19
18 5 65 29 58 25 50 30 50 15 65 15
19 6 42 18 42 11 57 11 57 30 50 30 50 18
20 7 50 30 39 30 39 19 50 19 50 15 58 15 58 25
21 5 50 30 39 30 39 17 45 17 50 22
22 7 56 30 61 35 61 39 69 39 69 22 57 22 50 30
23 5 57 22 50 30 50 9 64 9 64 22
24 8 62 30 62 24 67 24 67 38 61 38 61 43 50 43 50 30
25 6 50 30 68 30 68 52 56 52 56 35 50 35
26 6 50 10 50 30 62 30 62 16 57 16 57 10
27 8 62 49 50 49 50 38 38 38 38 31 50 30 56 26 62 26
28 6 58 54 70 53 76 49 71 34 50 30 50 49
29 5 71 26 50 30 82 30 82 11 76 11
30 8 0 64 28 64 28 59 55 59 55 64 100 64 100 0 0 0
